         12x6.dat                          06/07/13                                                 
                                                                                                    
                                                                                                    
         ====== PERFORMANCE DATA (versus advance ratio and MPH) ======                              
                                                                                                    
         DEFINITIONS:                                                                               
         J=V/nD (advance ratio)                                                                     
         Ct=T/(rho * n**2 * D**4) (thrust coef.)                                                    
         Cp=P/(rho * n**3 * D**5) (power coef.)                                                     
         Pe=Ct*J/Cp (efficiency)                                                                    
         V  (model speed in MPH)                                                                    
                                                                                                    
                                                                                                    
         PROP RPM =       1000                                                                      
                                                                                                    
         V          J           Pe         Ct          Cp          PWR         Torque      Thrust   
       (mph)     (Adv Ratio)                                       (Hp)        (In-Lbf)     (Lbf)   
         0.0        0.00      0.0000      0.1018      0.0610       0.001       0.077       0.067    
         0.3        0.03      0.0449      0.0943      0.0574       0.001       0.072       0.062    
         0.6        0.05      0.0884      0.0870      0.0538       0.001       0.068       0.057    
         0.9        0.08      0.1305      0.0798      0.0501       0.001       0.063       0.053    
         1.2        0.11      0.1712      0.0728      0.0465       0.001       0.059       0.048    
         1.6        0.14      0.2103      0.0660      0.0429       0.001       0.054       0.044    
         1.9        0.16      0.2480      0.0620      0.0410       0.001       0.052       0.041    
         2.2        0.19      0.2842      0.0601      0.0405       0.001       0.051       0.040    
         2.5        0.22      0.3188      0.0580      0.0398       0.001       0.050       0.038    
         2.8        0.25      0.3518      0.0558      0.0390       0.001       0.049       0.037    
         3.1        0.27      0.3832      0.0535      0.0382       0.001       0.048       0.035    
         3.4        0.30      0.4131      0.0513      0.0373       0.001       0.047       0.034    
         3.7        0.33      0.4413      0.0489      0.0364       0.001       0.046       0.032    
         4.0        0.36      0.4679      0.0465      0.0353       0.001       0.045       0.031    
         4.3        0.38      0.4930      0.0441      0.0342       0.001       0.043       0.029    
         4.7        0.41      0.5164      0.0416      0.0330       0.001       0.042       0.027    
         5.0        0.44      0.5381      0.0390      0.0317       0.001       0.040       0.026    
         5.3        0.46      0.5580      0.0363      0.0303       0.001       0.038       0.024    
         5.6        0.49      0.5761      0.0337      0.0287       0.001       0.036       0.022    
         5.9        0.52      0.5922      0.0309      0.0271       0.001       0.034       0.020    
         6.2        0.55      0.6059      0.0281      0.0253       0.001       0.032       0.019    
         6.5        0.57      0.6162      0.0252      0.0234       0.000       0.030       0.017    
         6.8        0.60      0.6220      0.0222      0.0215       0.000       0.027       0.015    
         7.1        0.63      0.6212      0.0192      0.0194       0.000       0.025       0.013    
         7.5        0.66      0.6112      0.0162      0.0174       0.000       0.022       0.011    
         7.8        0.68      0.5877      0.0130      0.0152       0.000       0.019       0.009    
         8.1        0.71      0.5438      0.0099      0.0129       0.000       0.016       0.007    
         8.4        0.74      0.4634      0.0066      0.0105       0.000       0.013       0.004    
         8.7        0.77      0.3108      0.0033      0.0082       0.000       0.010       0.002    
         9.0        0.79     -0.0011      0.0000      0.0060       0.000       0.008       0.000    
                                                                                                    
                                                                                                    
                                                                                                    
         PROP RPM =       2000                                                                      
                                                                                                    
         V          J           Pe         Ct          Cp          PWR         Torque      Thrust   
       (mph)     (Adv Ratio)                                       (Hp)        (In-Lbf)     (Lbf)   
         0.0        0.00      0.0000      0.1019      0.0611       0.010       0.308       0.269    
         0.6        0.03      0.0449      0.0944      0.0575       0.009       0.290       0.249    
         1.2        0.05      0.0884      0.0871      0.0538       0.009       0.272       0.230    
         1.9        0.08      0.1305      0.0799      0.0502       0.008       0.253       0.211    
         2.5        0.11      0.1712      0.0729      0.0465       0.007       0.235       0.193    
         3.1        0.14      0.2104      0.0660      0.0429       0.007       0.217       0.174    
         3.7        0.16      0.2480      0.0621      0.0410       0.007       0.207       0.164    
         4.3        0.19      0.2842      0.0602      0.0405       0.006       0.204       0.159    
         5.0        0.22      0.3188      0.0581      0.0398       0.006       0.201       0.153    
         5.6        0.25      0.3519      0.0559      0.0391       0.006       0.197       0.148    
         6.2        0.27      0.3833      0.0536      0.0382       0.006       0.193       0.142    
         6.8        0.30      0.4131      0.0513      0.0374       0.006       0.189       0.136    
         7.5        0.33      0.4414      0.0490      0.0364       0.006       0.184       0.129    
         8.1        0.36      0.4680      0.0466      0.0354       0.006       0.178       0.123    
         8.7        0.38      0.4931      0.0441      0.0343       0.005       0.173       0.117    
         9.3        0.41      0.5165      0.0416      0.0330       0.005       0.167       0.110    
         9.9        0.44      0.5382      0.0390      0.0317       0.005       0.160       0.103    
        10.6        0.46      0.5581      0.0364      0.0303       0.005       0.153       0.096    
        11.2        0.49      0.5763      0.0337      0.0288       0.005       0.145       0.089    
        11.8        0.52      0.5924      0.0309      0.0271       0.004       0.137       0.082    
        12.4        0.55      0.6061      0.0281      0.0253       0.004       0.128       0.074    
        13.0        0.57      0.6165      0.0252      0.0235       0.004       0.118       0.067    
        13.7        0.60      0.6222      0.0222      0.0215       0.003       0.109       0.059    
        14.3        0.63      0.6215      0.0192      0.0195       0.003       0.098       0.051    
        14.9        0.66      0.6114      0.0162      0.0174       0.003       0.088       0.043    
        15.5        0.68      0.5881      0.0131      0.0152       0.002       0.077       0.035    
        16.2        0.71      0.5442      0.0099      0.0129       0.002       0.065       0.026    
        16.8        0.74      0.4638      0.0066      0.0106       0.002       0.053       0.018    
        17.4        0.77      0.3112      0.0033      0.0082       0.001       0.041       0.009    
        18.0        0.79     -0.0021      0.0000      0.0060       0.001       0.030       0.000    
                                                                                                    
                                                                                                    
                                                                                                    
         PROP RPM =       3000                                                                      
                                                                                                    
         V          J           Pe         Ct          Cp          PWR         Torque      Thrust   
       (mph)     (Adv Ratio)                                       (Hp)        (In-Lbf)     (Lbf)   
         0.0        0.00      0.0000      0.1022      0.0612       0.033       0.695       0.608    
         0.9        0.03      0.0449      0.0947      0.0576       0.031       0.654       0.563    
         1.9        0.05      0.0884      0.0874      0.0540       0.029       0.613       0.519    
         2.8        0.08      0.1305      0.0802      0.0503       0.027       0.572       0.477    
         3.7        0.11      0.1712      0.0731      0.0467       0.025       0.530       0.435    
         4.7        0.14      0.2104      0.0663      0.0431       0.023       0.489       0.394    
         5.6        0.16      0.2481      0.0623      0.0412       0.022       0.468       0.370    
         6.5        0.19      0.2843      0.0604      0.0407       0.022       0.462       0.359    
         7.5        0.22      0.3189      0.0583      0.0400       0.022       0.454       0.347    
         8.4        0.25      0.3519      0.0561      0.0392       0.021       0.445       0.334    
         9.3        0.27      0.3833      0.0539      0.0384       0.021       0.436       0.320    
        10.2        0.30      0.4132      0.0516      0.0375       0.020       0.426       0.307    
        11.2        0.33      0.4415      0.0492      0.0365       0.020       0.415       0.293    
        12.1        0.36      0.4681      0.0468      0.0355       0.019       0.403       0.278    
        13.0        0.38      0.4932      0.0443      0.0344       0.019       0.390       0.264    
        14.0        0.41      0.5166      0.0418      0.0332       0.018       0.377       0.249    
        14.9        0.44      0.5383      0.0392      0.0319       0.017       0.362       0.233    
        15.8        0.46      0.5583      0.0366      0.0304       0.016       0.346       0.218    
        16.8        0.49      0.5765      0.0339      0.0289       0.016       0.328       0.201    
        17.7        0.52      0.5927      0.0311      0.0272       0.015       0.309       0.185    
        18.6        0.55      0.6064      0.0283      0.0255       0.014       0.289       0.168    
        19.6        0.57      0.6168      0.0253      0.0236       0.013       0.268       0.151    
        20.5        0.60      0.6227      0.0224      0.0216       0.012       0.245       0.133    
        21.4        0.63      0.6221      0.0193      0.0195       0.011       0.222       0.115    
        22.4        0.66      0.6122      0.0163      0.0174       0.009       0.198       0.097    
        23.3        0.68      0.5890      0.0131      0.0152       0.008       0.173       0.078    
        24.2        0.71      0.5453      0.0099      0.0129       0.007       0.147       0.059    
        25.1        0.74      0.4651      0.0067      0.0106       0.006       0.120       0.040    
        26.1        0.76      0.3130      0.0033      0.0082       0.004       0.093       0.020    
        27.0        0.79     -0.0016      0.0000      0.0060       0.003       0.068       0.000    
                                                                                                    
                                                                                                    
                                                                                                    
         PROP RPM =       4000                                                                      
                                                                                                    
         V          J           Pe         Ct          Cp          PWR         Torque      Thrust   
       (mph)     (Adv Ratio)                                       (Hp)        (In-Lbf)     (Lbf)   
         0.0        0.00      0.0000      0.1023      0.0602       0.077       1.216       1.081    
         1.2        0.03      0.0457      0.0948      0.0566       0.073       1.143       1.002    
         2.5        0.05      0.0900      0.0874      0.0531       0.068       1.071       0.924    
         3.7        0.08      0.1329      0.0802      0.0495       0.063       0.998       0.848    
         5.0        0.11      0.1744      0.0732      0.0459       0.059       0.926       0.773    
         6.2        0.14      0.2144      0.0663      0.0423       0.054       0.853       0.701    
         7.5        0.16      0.2529      0.0623      0.0404       0.052       0.816       0.659    
         8.7        0.19      0.2900      0.0604      0.0399       0.051       0.804       0.639    
         9.9        0.22      0.3256      0.0583      0.0391       0.050       0.790       0.616    
        11.2        0.25      0.3597      0.0561      0.0384       0.049       0.774       0.593    
        12.4        0.27      0.3922      0.0539      0.0375       0.048       0.757       0.569    
        13.7        0.30      0.4232      0.0515      0.0366       0.047       0.739       0.545    
        14.9        0.33      0.4526      0.0492      0.0356       0.046       0.719       0.520    
        16.1        0.36      0.4803      0.0468      0.0346       0.044       0.698       0.494    
        17.4        0.38      0.5065      0.0443      0.0334       0.043       0.675       0.468    
        18.6        0.41      0.5309      0.0418      0.0322       0.041       0.650       0.441    
        19.9        0.44      0.5537      0.0392      0.0309       0.040       0.624       0.414    
        21.1        0.46      0.5746      0.0365      0.0295       0.038       0.596       0.386    
        22.4        0.49      0.5937      0.0338      0.0280       0.036       0.565       0.357    
        23.6        0.52      0.6106      0.0310      0.0264       0.034       0.532       0.328    
        24.8        0.55      0.6249      0.0282      0.0246       0.032       0.497       0.298    
        26.1        0.57      0.6357      0.0253      0.0228       0.029       0.460       0.267    
        27.3        0.60      0.6417      0.0223      0.0209       0.027       0.422       0.236    
        28.6        0.63      0.6411      0.0193      0.0189       0.024       0.381       0.204    
        29.8        0.66      0.6311      0.0162      0.0168       0.022       0.340       0.171    
        31.0        0.68      0.6074      0.0131      0.0147       0.019       0.297       0.138    
        32.3        0.71      0.5622      0.0099      0.0125       0.016       0.252       0.105    
        33.5        0.74      0.4793      0.0066      0.0102       0.013       0.207       0.070    
        34.8        0.76      0.3226      0.0033      0.0079       0.010       0.160       0.035    
        36.0        0.79     -0.0021      0.0000      0.0058       0.007       0.116       0.000    
                                                                                                    
                                                                                                    
                                                                                                    
         PROP RPM =       5000                                                                      
                                                                                                    
         V          J           Pe         Ct          Cp          PWR         Torque      Thrust   
       (mph)     (Adv Ratio)                                       (Hp)        (In-Lbf)     (Lbf)   
         0.0        0.00      0.0000      0.1022      0.0589       0.147       1.859       1.688    
         1.6        0.03      0.0466      0.0947      0.0554       0.139       1.748       1.564    
         3.1        0.05      0.0919      0.0874      0.0519       0.130       1.637       1.443    
         4.7        0.08      0.1357      0.0802      0.0484       0.121       1.525       1.324    
         6.2        0.11      0.1781      0.0731      0.0448       0.112       1.414       1.208    
         7.8        0.14      0.2191      0.0663      0.0413       0.103       1.302       1.095    
         9.3        0.16      0.2587      0.0623      0.0394       0.099       1.243       1.029    
        10.9        0.19      0.2969      0.0604      0.0389       0.097       1.225       0.997    
        12.4        0.22      0.3337      0.0583      0.0381       0.095       1.202       0.962    
        14.0        0.25      0.3690      0.0560      0.0373       0.093       1.177       0.926    
        15.5        0.27      0.4028      0.0538      0.0364       0.091       1.149       0.888    
        17.1        0.30      0.4350      0.0515      0.0355       0.089       1.120       0.850    
        18.6        0.33      0.4658      0.0491      0.0345       0.086       1.089       0.811    
        20.2        0.35      0.4948      0.0467      0.0335       0.084       1.056       0.771    
        21.7        0.38      0.5222      0.0442      0.0323       0.081       1.020       0.730    
        23.3        0.41      0.5478      0.0417      0.0311       0.078       0.982       0.688    
        24.8        0.44      0.5717      0.0391      0.0298       0.075       0.941       0.645    
        26.4        0.46      0.5936      0.0364      0.0285       0.071       0.898       0.601    
        27.9        0.49      0.6135      0.0337      0.0270       0.068       0.851       0.557    
        29.5        0.52      0.6311      0.0309      0.0254       0.064       0.802       0.511    
        31.0        0.55      0.6459      0.0281      0.0238       0.059       0.749       0.464    
        32.6        0.57      0.6570      0.0252      0.0220       0.055       0.694       0.416    
        34.1        0.60      0.6631      0.0223      0.0202       0.050       0.636       0.368    
        35.7        0.63      0.6623      0.0192      0.0182       0.046       0.575       0.318    
        37.2        0.65      0.6520      0.0162      0.0163       0.041       0.513       0.267    
        38.8        0.68      0.6276      0.0131      0.0142       0.036       0.448       0.216    
        40.3        0.71      0.5808      0.0099      0.0121       0.030       0.381       0.163    
        41.9        0.74      0.4951      0.0066      0.0099       0.025       0.312       0.110    
        43.4        0.76      0.3333      0.0033      0.0077       0.019       0.242       0.055    
        45.0        0.79     -0.0021      0.0000      0.0056       0.014       0.175       0.000    
                                                                                                    
                                                                                                    
                                                                                                    
         PROP RPM =       6000                                                                      
                                                                                                    
         V          J           Pe         Ct          Cp          PWR         Torque      Thrust   
       (mph)     (Adv Ratio)                                       (Hp)        (In-Lbf)     (Lbf)   
         0.0        0.00      0.0000      0.1027      0.0592       0.256       2.688       2.442    
         1.9        0.03      0.0467      0.0951      0.0555       0.240       2.521       2.262    
         3.7        0.05      0.0923      0.0877      0.0519       0.224       2.355       2.086    
         5.6        0.08      0.1366      0.0805      0.0482       0.208       2.189       1.914    
         7.4        0.11      0.1797      0.0734      0.0446       0.193       2.024       1.746    
         9.3        0.14      0.2215      0.0665      0.0410       0.177       1.860       1.582    
        11.2        0.16      0.2620      0.0625      0.0390       0.169       1.772       1.485    
        13.0        0.19      0.3011      0.0605      0.0384       0.166       1.743       1.439    
        14.9        0.22      0.3389      0.0584      0.0376       0.163       1.707       1.388    
        16.7        0.25      0.3751      0.0562      0.0367       0.159       1.669       1.336    
        18.6        0.27      0.4098      0.0539      0.0359       0.155       1.629       1.282    
        20.5        0.30      0.4430      0.0516      0.0349       0.151       1.586       1.226    
        22.3        0.33      0.4746      0.0492      0.0339       0.147       1.541       1.170    
        24.2        0.35      0.5046      0.0468      0.0329       0.142       1.492       1.112    
        26.0        0.38      0.5328      0.0443      0.0317       0.137       1.441       1.053    
        27.9        0.41      0.5594      0.0417      0.0305       0.132       1.386       0.993    
        29.7        0.44      0.5840      0.0391      0.0292       0.126       1.328       0.931    
        31.6        0.46      0.6068      0.0365      0.0279       0.121       1.266       0.868    
        33.5        0.49      0.6275      0.0338      0.0264       0.114       1.200       0.803    
        35.3        0.52      0.6459      0.0310      0.0249       0.107       1.129       0.737    
        37.2        0.55      0.6613      0.0282      0.0232       0.100       1.055       0.670    
        39.0        0.57      0.6730      0.0253      0.0215       0.093       0.976       0.601    
        40.9        0.60      0.6796      0.0223      0.0197       0.085       0.894       0.530    
        42.8        0.63      0.6793      0.0193      0.0178       0.077       0.808       0.459    
        44.6        0.65      0.6695      0.0162      0.0159       0.069       0.720       0.386    
        46.5        0.68      0.6456      0.0131      0.0138       0.060       0.628       0.311    
        48.3        0.71      0.5993      0.0099      0.0117       0.051       0.532       0.236    
        50.2        0.74      0.5133      0.0067      0.0096       0.041       0.434       0.158    
        52.1        0.76      0.3486      0.0034      0.0074       0.032       0.334       0.080    
        53.9        0.79     -0.0025      0.0000      0.0053       0.023       0.239       0.000    
                                                                                                    
                                                                                                    
                                                                                                    
         PROP RPM =       7000                                                                      
                                                                                                    
         V          J           Pe         Ct          Cp          PWR         Torque      Thrust   
       (mph)     (Adv Ratio)                                       (Hp)        (In-Lbf)     (Lbf)   
         0.0        0.00      0.0000      0.1037      0.0611       0.420       3.779       3.355    
         2.2        0.03      0.0459      0.0960      0.0570       0.391       3.525       3.106    
         4.3        0.05      0.0910      0.0884      0.0530       0.364       3.275       2.863    
         6.5        0.08      0.1353      0.0811      0.0490       0.336       3.030       2.625    
         8.7        0.11      0.1787      0.0739      0.0451       0.310       2.788       2.393    
        10.8        0.14      0.2211      0.0669      0.0413       0.283       2.551       2.167    
        13.0        0.16      0.2624      0.0628      0.0391       0.269       2.419       2.032    
        15.2        0.19      0.3025      0.0608      0.0383       0.263       2.370       1.967    
        17.3        0.22      0.3410      0.0586      0.0375       0.257       2.316       1.897    
        19.5        0.25      0.3779      0.0564      0.0366       0.251       2.261       1.824    
        21.7        0.27      0.4131      0.0541      0.0357       0.245       2.206       1.750    
        23.8        0.30      0.4468      0.0517      0.0347       0.238       2.146       1.675    
        26.0        0.33      0.4790      0.0494      0.0337       0.231       2.083       1.598    
        28.2        0.35      0.5096      0.0469      0.0326       0.224       2.017       1.519    
        30.4        0.38      0.5386      0.0444      0.0315       0.216       1.946       1.438    
        32.5        0.41      0.5659      0.0419      0.0303       0.208       1.870       1.356    
        34.7        0.44      0.5914      0.0393      0.0290       0.199       1.790       1.271    
        36.9        0.46      0.6151      0.0366      0.0276       0.189       1.705       1.185    
        39.0        0.49      0.6367      0.0339      0.0261       0.179       1.615       1.097    
        41.2        0.52      0.6560      0.0311      0.0246       0.169       1.519       1.007    
        43.4        0.55      0.6725      0.0283      0.0229       0.157       1.417       0.915    
        45.5        0.57      0.6851      0.0254      0.0212       0.146       1.311       0.822    
        47.7        0.60      0.6928      0.0224      0.0194       0.133       1.199       0.726    
        49.9        0.63      0.6936      0.0194      0.0175       0.120       1.084       0.628    
        52.0        0.65      0.6847      0.0163      0.0156       0.107       0.963       0.528    
        54.2        0.68      0.6621      0.0132      0.0135       0.093       0.838       0.426    
        56.4        0.71      0.6175      0.0100      0.0114       0.078       0.707       0.322    
        58.5        0.74      0.5321      0.0067      0.0093       0.064       0.572       0.217    
        60.7        0.76      0.3642      0.0034      0.0071       0.048       0.436       0.109    
        62.9        0.79     -0.0025      0.0000      0.0050       0.034       0.308      -0.001    
                                                                                                    
                                                                                                    
                                                                                                    
         PROP RPM =       8000                                                                      
                                                                                                    
         V          J           Pe         Ct          Cp          PWR         Torque      Thrust   
       (mph)     (Adv Ratio)                                       (Hp)        (In-Lbf)     (Lbf)   
         0.0        0.00      0.0000      0.1046      0.0630       0.646       5.086       4.424    
         2.5        0.03      0.0452      0.0968      0.0585       0.599       4.721       4.093    
         5.0        0.05      0.0901      0.0892      0.0541       0.554       4.366       3.769    
         7.4        0.08      0.1344      0.0817      0.0498       0.510       4.020       3.453    
         9.9        0.11      0.1781      0.0744      0.0456       0.468       3.684       3.145    
        12.4        0.14      0.2210      0.0673      0.0416       0.426       3.356       2.845    
        14.9        0.16      0.2631      0.0631      0.0393       0.403       3.173       2.668    
        17.4        0.19      0.3041      0.0610      0.0384       0.393       3.098       2.581    
        19.9        0.22      0.3434      0.0588      0.0374       0.383       3.021       2.487    
        22.3        0.25      0.3810      0.0565      0.0365       0.374       2.945       2.390    
        24.8        0.27      0.4167      0.0542      0.0356       0.364       2.871       2.293    
        27.3        0.30      0.4509      0.0519      0.0346       0.354       2.792       2.194    
        29.8        0.33      0.4836      0.0495      0.0335       0.344       2.708       2.093    
        32.3        0.36      0.5149      0.0470      0.0324       0.332       2.619       1.989    
        34.8        0.38      0.5445      0.0445      0.0313       0.321       2.525       1.883    
        37.2        0.41      0.5725      0.0420      0.0300       0.308       2.426       1.775    
        39.7        0.44      0.5987      0.0394      0.0287       0.294       2.320       1.664    
        42.2        0.46      0.6232      0.0367      0.0273       0.280       2.206       1.551    
        44.7        0.49      0.6456      0.0339      0.0258       0.265       2.086       1.435    
        47.2        0.52      0.6658      0.0311      0.0243       0.249       1.959       1.316    
        49.7        0.55      0.6831      0.0283      0.0226       0.232       1.825       1.195    
        52.1        0.57      0.6966      0.0254      0.0209       0.214       1.685       1.072    
        54.6        0.60      0.7049      0.0224      0.0191       0.195       1.540       0.946    
        57.1        0.63      0.7062      0.0193      0.0172       0.176       1.388       0.817    
        59.6        0.66      0.6978      0.0162      0.0153       0.156       1.232       0.687    
        62.1        0.68      0.6756      0.0131      0.0132       0.135       1.066       0.552    
        64.5        0.71      0.6312      0.0098      0.0111       0.114       0.894       0.416    
        67.0        0.74      0.5442      0.0066      0.0089       0.091       0.718       0.278    
        69.5        0.76      0.3680      0.0032      0.0067       0.069       0.540       0.136    
        72.0        0.79     -0.0312     -0.0002      0.0047       0.048       0.376      -0.008    
                                                                                                    
                                                                                                    
                                                                                                    
         PROP RPM =       9000                                                                      
                                                                                                    
         V          J           Pe         Ct          Cp          PWR         Torque      Thrust   
       (mph)     (Adv Ratio)                                       (Hp)        (In-Lbf)     (Lbf)   
         0.0        0.00      0.0000      0.1057      0.0648       0.946       6.622       5.653    
         2.8        0.03      0.0444      0.0977      0.0599       0.875       6.124       5.229    
         5.6        0.05      0.0888      0.0900      0.0552       0.806       5.643       4.814    
         8.4        0.08      0.1329      0.0824      0.0507       0.739       5.178       4.409    
        11.1        0.11      0.1767      0.0750      0.0463       0.675       4.729       4.015    
        13.9        0.14      0.2199      0.0679      0.0420       0.613       4.295       3.631    
        16.7        0.16      0.2624      0.0635      0.0396       0.577       4.043       3.400    
        19.5        0.19      0.3040      0.0614      0.0385       0.562       3.937       3.287    
        22.3        0.22      0.3440      0.0592      0.0375       0.547       3.831       3.167    
        25.1        0.25      0.3821      0.0569      0.0365       0.533       3.729       3.043    
        27.9        0.27      0.4181      0.0546      0.0356       0.519       3.634       2.920    
        30.6        0.30      0.4527      0.0522      0.0346       0.504       3.533       2.794    
        33.4        0.33      0.4859      0.0498      0.0335       0.489       3.425       2.666    
        36.2        0.35      0.5176      0.0474      0.0324       0.473       3.311       2.534    
        39.0        0.38      0.5478      0.0448      0.0312       0.456       3.190       2.399    
        41.8        0.41      0.5764      0.0423      0.0300       0.437       3.062       2.262    
        44.6        0.44      0.6034      0.0396      0.0286       0.418       2.925       2.121    
        47.4        0.46      0.6286      0.0369      0.0272       0.397       2.780       1.976    
        50.1        0.49      0.6519      0.0342      0.0257       0.375       2.627       1.829    
        52.9        0.52      0.6730      0.0314      0.0241       0.352       2.465       1.678    
        55.7        0.54      0.6913      0.0285      0.0225       0.328       2.295       1.525    
        58.5        0.57      0.7058      0.0256      0.0207       0.302       2.117       1.368    
        61.3        0.60      0.7152      0.0226      0.0189       0.276       1.932       1.207    
        64.1        0.63      0.7177      0.0195      0.0170       0.249       1.741       1.044    
        66.9        0.65      0.7106      0.0164      0.0151       0.220       1.543       0.878    
        69.6        0.68      0.6903      0.0133      0.0131       0.191       1.336       0.709    
        72.4        0.71      0.6491      0.0100      0.0109       0.160       1.118       0.537    
        75.2        0.74      0.5661      0.0067      0.0088       0.128       0.895       0.361    
        78.0        0.76      0.3947      0.0034      0.0066       0.096       0.670       0.182    
        80.8        0.79     -0.0025      0.0000      0.0045       0.066       0.462      -0.001    
                                                                                                    
                                                                                                    
                                                                                                    
         PROP RPM =      10000                                                                      
                                                                                                    
         V          J           Pe         Ct          Cp          PWR         Torque      Thrust   
       (mph)     (Adv Ratio)                                       (Hp)        (In-Lbf)     (Lbf)   
         0.0        0.00      0.0000      0.1068      0.0667       1.335       8.412       7.053    
         3.1        0.03      0.0438      0.0987      0.0614       1.230       7.751       6.521    
         6.2        0.05      0.0877      0.0909      0.0564       1.129       7.118       6.001    
         9.3        0.08      0.1318      0.0832      0.0516       1.033       6.509       5.493    
        12.4        0.11      0.1756      0.0757      0.0470       0.940       5.925       4.999    
        15.5        0.14      0.2192      0.0684      0.0425       0.851       5.364       4.519    
        18.6        0.16      0.2622      0.0640      0.0399       0.799       5.036       4.229    
        21.7        0.19      0.3044      0.0619      0.0388       0.776       4.889       4.086    
        24.8        0.22      0.3450      0.0596      0.0376       0.753       4.748       3.934    
        27.9        0.25      0.3836      0.0572      0.0366       0.732       4.616       3.781    
        31.0        0.27      0.4199      0.0549      0.0356       0.713       4.495       3.627    
        34.1        0.30      0.4549      0.0525      0.0346       0.693       4.367       3.471    
        37.2        0.33      0.4885      0.0501      0.0335       0.671       4.232       3.311    
        40.2        0.35      0.5208      0.0476      0.0324       0.649       4.088       3.147    
        43.3        0.38      0.5515      0.0451      0.0312       0.624       3.936       2.980    
        46.4        0.41      0.5807      0.0425      0.0299       0.599       3.775       2.808    
        49.5        0.44      0.6084      0.0399      0.0286       0.572       3.603       2.633    
        52.6        0.46      0.6343      0.0371      0.0271       0.543       3.421       2.453    
        55.7        0.49      0.6584      0.0344      0.0256       0.512       3.229       2.270    
        58.8        0.52      0.6803      0.0315      0.0240       0.481       3.028       2.084    
        61.9        0.54      0.6995      0.0287      0.0223       0.447       2.816       1.893    
        65.0        0.57      0.7149      0.0257      0.0206       0.412       2.594       1.697    
        68.1        0.60      0.7252      0.0227      0.0187       0.375       2.365       1.499    
        71.2        0.63      0.7287      0.0196      0.0169       0.338       2.130       1.297    
        74.3        0.65      0.7225      0.0165      0.0149       0.299       1.886       1.091    
        77.4        0.68      0.7035      0.0133      0.0129       0.259       1.630       0.882    
        80.5        0.71      0.6639      0.0101      0.0108       0.216       1.359       0.667    
        83.6        0.74      0.5821      0.0068      0.0086       0.172       1.082       0.448    
        86.7        0.76      0.4095      0.0034      0.0064       0.127       0.803       0.226    
        89.8        0.79     -0.0027      0.0000      0.0043       0.087       0.547      -0.001    
                                                                                                    
                                                                                                    
                                                                                                    
         PROP RPM =      11000                                                                      
                                                                                                    
         V          J           Pe         Ct          Cp          PWR         Torque      Thrust   
       (mph)     (Adv Ratio)                                       (Hp)        (In-Lbf)     (Lbf)   
         0.0        0.00      0.0000      0.1080      0.0686       1.828      10.474       8.629    
         3.4        0.03      0.0431      0.0998      0.0630       1.679       9.622       7.977    
         6.8        0.05      0.0866      0.0918      0.0577       1.537       8.808       7.339    
        10.2        0.08      0.1303      0.0840      0.0526       1.402       8.031       6.716    
        13.6        0.11      0.1742      0.0764      0.0478       1.272       7.290       6.110    
        17.0        0.14      0.2179      0.0691      0.0431       1.149       6.582       5.521    
        20.4        0.16      0.2612      0.0646      0.0403       1.075       6.158       5.161    
        23.8        0.19      0.3039      0.0624      0.0391       1.041       5.963       4.984    
        27.2        0.22      0.3450      0.0600      0.0379       1.009       5.779       4.798    
        30.6        0.24      0.3841      0.0577      0.0368       0.979       5.610       4.609    
        34.0        0.27      0.4207      0.0553      0.0358       0.953       5.461       4.422    
        37.4        0.30      0.4560      0.0529      0.0347       0.925       5.303       4.231    
        40.8        0.33      0.4900      0.0505      0.0336       0.896       5.135       4.036    
        44.2        0.35      0.5226      0.0480      0.0325       0.865       4.958       3.837    
        47.6        0.38      0.5538      0.0455      0.0313       0.833       4.771       3.633    
        51.0        0.41      0.5835      0.0429      0.0300       0.798       4.574       3.425    
        54.4        0.44      0.6117      0.0402      0.0286       0.762       4.364       3.211    
        57.8        0.46      0.6382      0.0375      0.0271       0.723       4.143       2.994    
        61.2        0.49      0.6628      0.0347      0.0256       0.682       3.910       2.771    
        64.6        0.52      0.6853      0.0318      0.0240       0.640       3.665       2.544    
        68.0        0.54      0.7051      0.0289      0.0223       0.595       3.407       2.312    
        71.4        0.57      0.7212      0.0260      0.0206       0.548       3.139       2.075    
        74.8        0.60      0.7325      0.0229      0.0187       0.499       2.861       1.834    
        78.2        0.63      0.7366      0.0198      0.0168       0.449       2.572       1.586    
        81.6        0.65      0.7311      0.0167      0.0149       0.397       2.277       1.335    
        85.0        0.68      0.7136      0.0135      0.0129       0.343       1.963       1.078    
        88.4        0.71      0.6753      0.0102      0.0107       0.285       1.632       0.816    
        91.8        0.73      0.5942      0.0069      0.0085       0.226       1.293       0.548    
        95.2        0.76      0.4210      0.0035      0.0062       0.166       0.953       0.276    
        98.6        0.79     -0.0030      0.0000      0.0042       0.112       0.640      -0.001    
                                                                                                    
                                                                                                    
                                                                                                    
         PROP RPM =      12000                                                                      
                                                                                                    
         V          J           Pe         Ct          Cp          PWR         Torque      Thrust   
       (mph)     (Adv Ratio)                                       (Hp)        (In-Lbf)     (Lbf)   
         0.0        0.00      0.0000      0.1084      0.0679       2.348      12.334      10.315    
         3.7        0.03      0.0436      0.1003      0.0626       2.164      11.364       9.538    
         7.4        0.05      0.0875      0.0923      0.0574       1.986      10.432       8.778    
        11.1        0.08      0.1314      0.0845      0.0525       1.816       9.538       8.036    
        14.8        0.11      0.1751      0.0769      0.0478       1.653       8.680       7.313    
        18.6        0.14      0.2186      0.0695      0.0433       1.496       7.858       6.612    
        22.3        0.16      0.2616      0.0650      0.0406       1.403       7.371       6.185    
        26.0        0.19      0.3039      0.0628      0.0394       1.362       7.155       5.977    
        29.7        0.22      0.3446      0.0605      0.0382       1.322       6.945       5.757    
        33.4        0.24      0.3835      0.0581      0.0371       1.284       6.745       5.531    
        37.1        0.27      0.4201      0.0558      0.0361       1.250       6.564       5.307    
        40.8        0.30      0.4555      0.0534      0.0351       1.213       6.373       5.078    
        44.5        0.33      0.4895      0.0509      0.0340       1.175       6.170       4.843    
        48.2        0.35      0.5223      0.0484      0.0328       1.134       5.955       4.604    
        51.9        0.38      0.5536      0.0458      0.0315       1.091       5.729       4.359    
        55.7        0.41      0.5835      0.0432      0.0302       1.045       5.489       4.109    
        59.4        0.44      0.6118      0.0405      0.0288       0.997       5.236       3.853    
        63.1        0.46      0.6384      0.0377      0.0273       0.946       4.968       3.590    
        66.8        0.49      0.6632      0.0349      0.0258       0.892       4.687       3.323    
        70.5        0.52      0.6859      0.0321      0.0242       0.836       4.391       3.050    
        74.2        0.54      0.7059      0.0291      0.0225       0.777       4.080       2.771    
        77.9        0.57      0.7224      0.0261      0.0207       0.715       3.757       2.487    
        81.6        0.60      0.7341      0.0231      0.0188       0.651       3.421       2.196    
        85.3        0.63      0.7391      0.0200      0.0169       0.585       3.074       1.901    
        89.1        0.65      0.7347      0.0168      0.0149       0.517       2.716       1.600    
        92.8        0.68      0.7182      0.0136      0.0129       0.445       2.338       1.293    
        96.5        0.71      0.6809      0.0103      0.0107       0.370       1.941       0.978    
       100.2        0.73      0.6014      0.0069      0.0084       0.292       1.534       0.658    
       103.9        0.76      0.4279      0.0035      0.0062       0.214       1.124       0.331    
       107.6        0.79      0.0021      0.0000      0.0041       0.143       0.751       0.001    
                                                                                                    
                                                                                                    
                                                                                                    
         PROP RPM =      13000                                                                      
                                                                                                    
         V          J           Pe         Ct          Cp          PWR         Torque      Thrust   
       (mph)     (Adv Ratio)                                       (Hp)        (In-Lbf)     (Lbf)   
         0.0        0.00      0.0000      0.1090      0.0670       2.947      14.287      12.167    
         4.0        0.03      0.0442      0.1008      0.0620       2.726      13.214      11.256    
         8.0        0.05      0.0884      0.0928      0.0571       2.512      12.176      10.364    
        12.1        0.08      0.1324      0.0850      0.0524       2.305      11.174       9.494    
        16.1        0.11      0.1760      0.0774      0.0479       2.105      10.205       8.646    
        20.1        0.14      0.2192      0.0701      0.0435       1.912       9.269       7.822    
        24.1        0.16      0.2616      0.0656      0.0409       1.799       8.720       7.321    
        28.1        0.19      0.3033      0.0634      0.0398       1.751       8.489       7.081    
        32.1        0.22      0.3436      0.0611      0.0387       1.703       8.255       6.825    
        36.2        0.24      0.3822      0.0588      0.0376       1.655       8.023       6.559    
        40.2        0.27      0.4188      0.0564      0.0366       1.610       7.805       6.293    
        44.2        0.30      0.4542      0.0539      0.0355       1.562       7.574       6.021    
        48.2        0.33      0.4883      0.0515      0.0344       1.512       7.332       5.745    
        52.2        0.35      0.5212      0.0489      0.0332       1.459       7.074       5.460    
        56.2        0.38      0.5526      0.0463      0.0319       1.403       6.803       5.170    
        60.3        0.41      0.5826      0.0437      0.0306       1.344       6.517       4.873    
        64.3        0.44      0.6112      0.0409      0.0291       1.282       6.214       4.570    
        68.3        0.46      0.6380      0.0382      0.0277       1.216       5.897       4.261    
        72.3        0.49      0.6630      0.0353      0.0261       1.147       5.560       3.943    
        76.3        0.52      0.6858      0.0324      0.0244       1.074       5.208       3.619    
        80.4        0.54      0.7061      0.0295      0.0227       0.998       4.838       3.289    
        84.4        0.57      0.7231      0.0264      0.0209       0.919       4.454       2.952    
        88.4        0.60      0.7354      0.0233      0.0190       0.835       4.049       2.606    
        92.4        0.63      0.7414      0.0202      0.0171       0.750       3.636       2.256    
        96.4        0.65      0.7384      0.0170      0.0150       0.662       3.207       1.900    
       100.4        0.68      0.7231      0.0138      0.0129       0.569       2.760       1.537    
       104.5        0.71      0.6870      0.0104      0.0107       0.471       2.283       1.161    
       108.5        0.73      0.6088      0.0070      0.0084       0.371       1.797       0.780    
       112.5        0.76      0.4363      0.0035      0.0061       0.270       1.308       0.392    
       116.5        0.79     -0.0045      0.0000      0.0040       0.177       0.859      -0.003    
                                                                                                    
                                                                                                    
                                                                                                    
         PROP RPM =      14000                                                                      
                                                                                                    
         V          J           Pe         Ct          Cp          PWR         Torque      Thrust   
       (mph)     (Adv Ratio)                                       (Hp)        (In-Lbf)     (Lbf)   
         0.0        0.00      0.0000      0.1098      0.0664       3.646      16.414      14.214    
         4.3        0.03      0.0449      0.1016      0.0616       3.385      15.240      13.155    
         8.7        0.05      0.0894      0.0936      0.0570       3.131      14.094      12.118    
        13.0        0.08      0.1334      0.0858      0.0525       2.883      12.979      11.105    
        17.3        0.11      0.1769      0.0782      0.0481       2.642      11.893      10.119    
        21.6        0.14      0.2197      0.0708      0.0438       2.407      10.838       9.160    
        26.0        0.16      0.2616      0.0663      0.0414       2.272      10.229       8.581    
        30.3        0.19      0.3027      0.0642      0.0404       2.218       9.984       8.306    
        34.6        0.22      0.3425      0.0619      0.0393       2.160       9.725       8.010    
        39.0        0.24      0.3808      0.0595      0.0382       2.101       9.457       7.699    
        43.3        0.27      0.4175      0.0571      0.0372       2.043       9.197       7.387    
        47.6        0.30      0.4529      0.0546      0.0361       1.982       8.923       7.069    
        52.0        0.33      0.4871      0.0521      0.0349       1.918       8.633       6.743    
        56.3        0.35      0.5200      0.0495      0.0337       1.850       8.329       6.411    
        60.6        0.38      0.5516      0.0469      0.0324       1.779       8.008       6.070    
        64.9        0.41      0.5818      0.0442      0.0310       1.703       7.667       5.722    
        69.3        0.44      0.6105      0.0414      0.0296       1.623       7.307       5.364    
        73.6        0.46      0.6376      0.0386      0.0280       1.539       6.927       4.998    
        77.9        0.49      0.6628      0.0357      0.0264       1.450       6.527       4.625    
        82.3        0.52      0.6859      0.0328      0.0247       1.357       6.107       4.242    
        86.6        0.54      0.7065      0.0298      0.0229       1.259       5.669       3.853    
        90.9        0.57      0.7238      0.0267      0.0211       1.159       5.219       3.461    
        95.2        0.60      0.7366      0.0236      0.0192       1.054       4.747       3.058    
        99.6        0.63      0.7434      0.0204      0.0172       0.945       4.255       2.646    
       103.9        0.65      0.7417      0.0172      0.0152       0.833       3.748       2.229    
       108.2        0.68      0.7273      0.0139      0.0130       0.714       3.215       1.799    
       112.6        0.71      0.6924      0.0105      0.0107       0.590       2.656       1.361    
       116.9        0.73      0.6119      0.0070      0.0084       0.462       2.079       0.907    
       121.2        0.76      0.4475      0.0036      0.0061       0.334       1.506       0.463    
       125.6        0.79     -0.0025      0.0000      0.0040       0.217       0.977      -0.002    
                                                                                                    
                                                                                                    
                                                                                                    
         PROP RPM =      15000                                                                      
                                                                                                    
         V          J           Pe         Ct          Cp          PWR         Torque      Thrust   
       (mph)     (Adv Ratio)                                       (Hp)        (In-Lbf)     (Lbf)   
         0.0        0.00      0.0000      0.1110      0.0661       4.468      18.772      16.491    
         4.6        0.03      0.0453      0.1027      0.0616       4.164      17.494      15.269    
         9.3        0.05      0.0900      0.0947      0.0572       3.865      16.239      14.073    
        13.9        0.08      0.1339      0.0868      0.0529       3.571      15.005      12.904    
        18.5        0.11      0.1770      0.0792      0.0486       3.283      13.795      11.765    
        23.2        0.14      0.2194      0.0717      0.0444       3.001      12.609      10.659    
        27.8        0.16      0.2607      0.0672      0.0420       2.839      11.927       9.986    
        32.4        0.19      0.3011      0.0651      0.0411       2.778      11.672       9.673    
        37.1        0.22      0.3403      0.0628      0.0401       2.711      11.391       9.336    
        41.7        0.24      0.3783      0.0604      0.0390       2.638      11.084       8.976    
        46.3        0.27      0.4149      0.0579      0.0380       2.564      10.773       8.611    
        51.0        0.30      0.4503      0.0554      0.0368       2.486      10.446       8.240    
        55.6        0.33      0.4845      0.0529      0.0356       2.405      10.103       7.861    
        60.2        0.35      0.5176      0.0503      0.0343       2.319       9.742       7.473    
        64.8        0.38      0.5493      0.0476      0.0330       2.228       9.363       7.078    
        69.5        0.41      0.5796      0.0449      0.0316       2.133       8.962       6.673    
        74.1        0.43      0.6086      0.0421      0.0301       2.032       8.538       6.258    
        78.7        0.46      0.6359      0.0392      0.0285       1.926       8.094       5.833    
        83.4        0.49      0.6614      0.0363      0.0269       1.815       7.627       5.400    
        88.0        0.52      0.6848      0.0334      0.0252       1.699       7.139       4.958    
        92.6        0.54      0.7058      0.0303      0.0233       1.577       6.627       4.506    
        97.3        0.57      0.7238      0.0272      0.0215       1.450       6.092       4.046    
       101.9        0.60      0.7374      0.0241      0.0195       1.320       5.545       3.581    
       106.5        0.63      0.7455      0.0209      0.0175       1.181       4.962       3.099    
       111.2        0.65      0.7453      0.0176      0.0154       1.039       4.367       2.613    
       115.8        0.68      0.7326      0.0142      0.0132       0.890       3.739       2.111    
       120.4        0.71      0.6960      0.0107      0.0109       0.737       3.097       1.597    
       125.1        0.73      0.6124      0.0072      0.0087       0.585       2.460       1.075    
       129.7        0.76      0.4306      0.0036      0.0064       0.435       1.828       0.542    
       134.3        0.79     -0.0018      0.0000      0.0045       0.301       1.263      -0.002    
                                                                                                    
                                                                                                    
                                                                                                    
         PROP RPM =      16000                                                                      
                                                                                                    
         V          J           Pe         Ct          Cp          PWR         Torque      Thrust   
       (mph)     (Adv Ratio)                                       (Hp)        (In-Lbf)     (Lbf)   
         0.0        0.00      0.0000      0.1134      0.0678       5.562      21.910      19.178    
         4.9        0.03      0.0450      0.1050      0.0633       5.189      20.440      17.753    
         9.9        0.05      0.0892      0.0967      0.0588       4.823      19.000      16.360    
        14.8        0.08      0.1327      0.0887      0.0544       4.462      17.577      15.002    
        19.7        0.11      0.1753      0.0809      0.0501       4.109      16.184      13.683    
        24.7        0.14      0.2169      0.0733      0.0459       3.760      14.810      12.398    
        29.6        0.16      0.2576      0.0687      0.0434       3.558      14.015      11.611    
        34.5        0.19      0.2973      0.0665      0.0425       3.484      13.725      11.248    
        39.5        0.22      0.3359      0.0642      0.0415       3.403      13.404      10.861    
        44.4        0.24      0.3736      0.0618      0.0404       3.310      13.038      10.442    
        49.3        0.27      0.4101      0.0592      0.0392       3.214      12.658      10.016    
        54.3        0.30      0.4455      0.0567      0.0380       3.113      12.261       9.582    
        59.2        0.33      0.4798      0.0540      0.0367       3.006      11.842       9.137    
        64.1        0.35      0.5130      0.0514      0.0353       2.895      11.404       8.684    
        69.1        0.38      0.5449      0.0486      0.0339       2.779      10.947       8.222    
        74.0        0.41      0.5755      0.0458      0.0324       2.658      10.469       7.751    
        78.9        0.43      0.6047      0.0430      0.0309       2.530       9.967       7.269    
        83.9        0.46      0.6322      0.0401      0.0293       2.398       9.447       6.780    
        88.8        0.49      0.6578      0.0371      0.0275       2.259       8.897       6.275    
        93.7        0.52      0.6808      0.0341      0.0258       2.117       8.340       5.766    
        98.7        0.54      0.7005      0.0310      0.0240       1.970       7.760       5.245    
       103.6        0.57      0.7169      0.0279      0.0221       1.816       7.153       4.712    
       108.5        0.60      0.7283      0.0246      0.0202       1.656       6.525       4.168    
       113.5        0.62      0.7330      0.0213      0.0182       1.489       5.866       3.608    
       118.4        0.65      0.7278      0.0180      0.0161       1.318       5.192       3.038    
       123.3        0.68      0.7041      0.0145      0.0140       1.148       4.522       2.458    
       128.3        0.71      0.6537      0.0110      0.0119       0.974       3.836       1.861    
       133.2        0.73      0.5563      0.0074      0.0097       0.795       3.130       1.245    
       138.1        0.76      1.0340      0.0104      0.0077       0.628       2.472       1.762    
       143.1        0.79     -0.0020      0.0000      0.0056       0.461       1.817      -0.002    
                                                                                                    
                                                                                                    
                                                                                                    
         PROP RPM =      17000                                                                      
                                                                                                    
         V          J           Pe         Ct          Cp          PWR         Torque      Thrust   
       (mph)     (Adv Ratio)                                       (Hp)        (In-Lbf)     (Lbf)   
         0.0        0.00      0.0000      0.1190      0.0761       7.486      27.752      22.718    
         5.2        0.03      0.0421      0.1102      0.0709       6.973      25.851      21.028    
        10.5        0.05      0.0837      0.1015      0.0658       6.471      23.991      19.383    
        15.7        0.08      0.1246      0.0931      0.0608       5.975      22.153      17.775    
        21.0        0.11      0.1649      0.0849      0.0559       5.494      20.367      16.211    
        26.2        0.14      0.2042      0.0768      0.0510       5.016      18.595      14.664    
        31.4        0.16      0.2426      0.0719      0.0482       4.744      17.588      13.730    
        36.7        0.19      0.2800      0.0697      0.0473       4.648      17.233      13.313    
        41.9        0.22      0.3158      0.0674      0.0463       4.553      16.881      12.868    
        47.1        0.24      0.3505      0.0648      0.0451       4.439      16.458      12.377    
        52.4        0.27      0.3825      0.0622      0.0441       4.339      16.088      11.882    
        57.6        0.30      0.4155      0.0596      0.0427       4.204      15.586      11.369    
        62.9        0.33      0.4462      0.0568      0.0414       4.076      15.110      10.849    
        68.1        0.35      0.4749      0.0541      0.0401       3.948      14.635      10.324    
        73.3        0.38      0.5021      0.0513      0.0388       3.811      14.130       9.785    
        78.6        0.41      0.5279      0.0483      0.0372       3.663      13.581       9.229    
        83.8        0.43      0.5522      0.0454      0.0356       3.505      12.994       8.660    
        89.0        0.46     -0.0848     -0.0064      0.0350       3.444      12.767      -1.230    
        94.3        0.49      0.5962      0.0391      0.0320       3.151      11.682       7.471    
        99.5        0.52      0.6151      0.0359      0.0301       2.959      10.971       6.858    
       104.8        0.54      0.6311      0.0327      0.0281       2.760      10.232       6.235    
       110.0        0.57      0.6424      0.0293      0.0260       2.557       9.480       5.600    
       115.2        0.60      0.6514      0.0259      0.0238       2.337       8.663       4.953    
       120.5        0.62      0.6514      0.0225      0.0215       2.117       7.849       4.292    
       125.7        0.65      0.6344      0.0190      0.0195       1.914       7.098       3.623    
       130.9        0.68      0.5989      0.0154      0.0174       1.716       6.360       2.942    
       136.2        0.70      0.5364      0.0118      0.0155       1.522       5.641       2.247    
       141.4        0.73      0.4356      0.0079      0.0134       1.313       4.868       1.517    
       146.7        0.76      0.2670      0.0040      0.0112       1.106       4.100       0.755    
       151.9        0.79     -0.0008      0.0000      0.0093       0.918       3.404      -0.002    
                                                                                                    
                                                                                                    
                                                                                                    
         PROP RPM =      18000                                                                      
                                                                                                    
         V          J           Pe         Ct          Cp          PWR         Torque      Thrust   
       (mph)     (Adv Ratio)                                       (Hp)        (In-Lbf)     (Lbf)   
         0.0        0.00      0.0000      0.1229      0.0845       9.868      34.550      26.311    
         5.6        0.03      0.0394      0.1139      0.0789       9.206      32.234      24.386    
        11.2        0.05      0.0783      0.1051      0.0733       8.558      29.966      22.496    
        16.8        0.08      0.1164      0.0965      0.0679       7.929      27.763      20.653    
        22.3        0.11      0.1535      0.0881      0.0627       7.320      25.630      18.864    
        27.9        0.14      0.1897      0.0800      0.0575       6.718      23.523      17.117    
        33.5        0.16      0.2246      0.0753      0.0549       6.407      22.432      16.108    
        39.1        0.19      0.2583      0.0731      0.0541       6.314      22.108      15.648    
        44.7        0.22      0.2910      0.0708      0.0531       6.199      21.706      15.144    
        50.3        0.25      0.3217      0.0683      0.0521       6.086      21.310      14.610    
        55.8        0.27      0.3512      0.0656      0.0510       5.955      20.851      14.045    
        61.4        0.30      0.3803      0.0628      0.0496       5.794      20.286      13.450    
        67.0        0.33      0.4080      0.0600      0.0481       5.619      19.675      12.832    
        72.6        0.35      0.4348      0.0570      0.0465       5.428      19.005      12.191    
        78.2        0.38      0.4606      0.0539      0.0447       5.217      18.267      11.528    
        83.8        0.41      0.4847      0.0507      0.0428       4.999      17.505      10.849    
        89.3        0.44      0.5067      0.0474      0.0409       4.773      16.713      10.151    
        94.9        0.46      0.5263      0.0441      0.0389       4.542      15.902       9.443    
       100.5        0.49      0.5430      0.0407      0.0368       4.299      15.053       8.710    
       106.1        0.52      0.5562      0.0372      0.0347       4.054      14.194       7.970    
       111.7        0.55      0.5655      0.0337      0.0325       3.798      13.297       7.211    
       117.3        0.57      0.5669      0.0301      0.0304       3.551      12.435       6.439    
       122.8        0.60      0.5581      0.0265      0.0285       3.323      11.635       5.661    
       128.4        0.63      0.5392      0.0228      0.0265       3.097      10.844       4.876    
       134.0        0.66      0.5086      0.0191      0.0245       2.865      10.033       4.078    
       139.6        0.68      0.4628      0.0153      0.0225       2.631       9.212       3.270    
       145.2        0.71      0.3952      0.0115      0.0206       2.406       8.426       2.456    
       150.8        0.74      0.3004      0.0077      0.0188       2.199       7.699       1.643    
       156.3        0.76      0.1707      0.0039      0.0173       2.023       7.082       0.828    
       161.9        0.79     -0.0010      0.0000      0.0161       1.876       6.570      -0.004    
                                                                                                    
                                                                                                    
                                                                                                    
         PROP RPM =      19000                                                                      
                                                                                                    
         V          J           Pe         Ct          Cp          PWR         Torque      Thrust   
       (mph)     (Adv Ratio)                                       (Hp)        (In-Lbf)     (Lbf)   
         0.0        0.00      0.0000      0.1151      0.0870      11.944      39.620      27.438    
         5.8        0.03      0.0352      0.1066      0.0812      11.148      36.979      25.432    
        11.6        0.05      0.0699      0.0984      0.0755      10.360      34.366      23.460    
        17.4        0.08      0.1040      0.0904      0.0699       9.593      31.820      21.546    
        23.2        0.11      0.1375      0.0825      0.0644       8.837      29.312      19.671    
        29.0        0.13      0.1702      0.0749      0.0590       8.097      26.859      17.850    
        34.7        0.16      0.2021      0.0699      0.0556       7.637      25.331      16.657    
        40.5        0.19      0.2329      0.0677      0.0546       7.491      24.849      16.142    
        46.3        0.21      0.2626      0.0654      0.0534       7.332      24.322      15.585    
        52.1        0.24      0.2907      0.0629      0.0522       7.169      23.782      14.999    
        57.9        0.27      0.3176      0.0604      0.0510       7.002      23.227      14.402    
        63.7        0.30      0.3428      0.0578      0.0498       6.832      22.664      13.790    
        69.5        0.32      0.3665      0.0552      0.0485       6.655      22.074      13.162    
        75.3        0.35      0.3885      0.0525      0.0471       6.468      21.454      12.516    
        81.1        0.38      0.4084      0.0497      0.0457       6.277      20.823      11.859    
        86.9        0.40      0.4263      0.0469      0.0442       6.071      20.137      11.173    
        92.6        0.43      0.4417      0.0439      0.0427       5.858      19.432      10.473    
        98.4        0.46      0.4546      0.0409      0.0410       5.634      18.687       9.757    
       104.2        0.48      0.4644      0.0378      0.0393       5.401      17.914       9.024    
       110.0        0.51      0.4706      0.0347      0.0376       5.156      17.104       8.270    
       115.8        0.54      0.4720      0.0315      0.0357       4.908      16.281       7.501    
       121.6        0.56      0.4673      0.0282      0.0340       4.666      15.478       6.725    
       127.4        0.59      0.4558      0.0249      0.0322       4.421      14.666       5.932    
       133.2        0.62      0.4381      0.0215      0.0303       4.157      13.790       5.129    
       139.0        0.64      0.4097      0.0181      0.0284       3.901      12.941       4.313    
       144.8        0.67      0.3697      0.0146      0.0265       3.637      12.066       3.484    
       150.6        0.70      0.3140      0.0111      0.0246       3.373      11.188       2.638    
       156.3        0.72      0.2388      0.0075      0.0226       3.109      10.312       1.780    
       162.1        0.75      0.1369      0.0038      0.0206       2.831       9.391       0.896    
       167.9        0.78      0.0011      0.0000      0.0188       2.581       8.563       0.006    
                                                                                                    
                                                                                                    
                                                                                                    
         PROP RPM =      20000                                                                      
                                                                                                    
         V          J           Pe         Ct          Cp          PWR         Torque      Thrust   
       (mph)     (Adv Ratio)                                       (Hp)        (In-Lbf)     (Lbf)   
         0.0        0.00      0.0000      0.1117      0.0898      14.387      45.338      29.509    
         6.0        0.03      0.0326      0.1036      0.0841      13.474      42.461      27.378    
        12.0        0.05      0.0646      0.0957      0.0785      12.566      39.599      25.279    
        18.1        0.08      0.0959      0.0879      0.0728      11.665      36.758      23.230    
        24.1        0.11      0.1266      0.0803      0.0673      10.774      33.951      21.226    
        30.1        0.13      0.1564      0.0729      0.0618       9.894      31.179      19.272    
        36.1        0.16      0.1854      0.0677      0.0581       9.296      29.294      17.888    
        42.2        0.19      0.2135      0.0656      0.0569       9.119      28.736      17.323    
        48.2        0.21      0.2406      0.0632      0.0557       8.921      28.113      16.710    
        54.2        0.24      0.2666      0.0608      0.0544       8.705      27.433      16.058    
        60.2        0.26      0.2915      0.0583      0.0530       8.486      26.740      15.401    
        66.2        0.29      0.3151      0.0558      0.0516       8.263      26.037      14.739    
        72.3        0.32      0.3374      0.0533      0.0502       8.040      25.338      14.076    
        78.3        0.34      0.3576      0.0508      0.0489       7.838      24.699      13.425    
        84.3        0.37      0.3732      0.0484      0.0481       7.706      24.285      12.791    
        90.3        0.40      0.3844      0.0459      0.0475       7.607      23.972      12.140    
        96.4        0.42      0.3944      0.0432      0.0465       7.439      23.443      11.420    
       102.4        0.45      0.4018      0.0404      0.0453       7.247      22.837      10.666    
       108.4        0.48      0.4086      0.0373      0.0436       6.977      21.987       9.863    
       114.4        0.50      0.4119      0.0342      0.0418       6.694      21.095       9.035    
       120.4        0.53      0.4115      0.0310      0.0399       6.397      20.159       8.197    
       126.5        0.56      0.4061      0.0278      0.0381       6.101      19.227       7.348    
       132.5        0.58      0.3951      0.0246      0.0363       5.810      18.310       6.498    
       138.5        0.61      0.3768      0.0213      0.0344       5.506      17.351       5.617    
       144.5        0.64      0.3498      0.0179      0.0325       5.202      16.394       4.721    
       150.6        0.66      0.3129      0.0144      0.0306       4.897      15.430       3.816    
       156.6        0.69      0.2635      0.0110      0.0286       4.587      14.455       2.895    
       162.6        0.72      0.1857      0.0069      0.0265       4.242      13.369       1.817    
       168.6        0.74      0.1133      0.0038      0.0248       3.976      12.529       1.002    
       174.6        0.77      0.0007      0.0000      0.0229       3.669      11.563       0.006    
                                                                                                    
                                                                                                    
                                                                                                    
